50102
413839766
705292154
653325485
912753651
724366864
639535155
957337144
462623105
819657603
49752552
986535541
539328707
794868436
135150637
170330345
206548471
468823796
550076888
447380782
110520808
122743625
729819100
281946760
768917775
384781470
11807337
785065761
153616874
561257477
327591209
757405747
978224973
875120731
448399068
878650200
929572114
667908389
502572881
893745731
827542482
350531923
184615822
698606791
635065710
367001583
573585025
478286425
20464577
212620799
571578164
169956701
263238438
805167235
276191224
790341857
315387336
518143844
656935865
907032102
841176443
40195931
804169955
416505244
586462617
345274553
545196032
876960487
427706526
245610182
502228355
198151630
175483793
697333805
704178249
850256155
856526599
918835885
643354546
150937891
545562524
437874146
701919582
113265833
14461328
777286604
628170283
162075804
874103376
705683065
807716966
140578957
426006715
21674933
666447206
382073448
217052003
353347617
957308988
193990778