20
928454132
750351142
555800597
631637381
509564689
736653386
768323516
871988723
481750
89082096
132059524
537831909
748975134
507375503
736777605
299811216
801016377
577158223
351259474
746392717
953883981
905761394
967925075
279901016
644437928
628830440
199931789
188447881
648891199
778017222
365394626
278368009
532099316
558185119
788360587
993072070
472083975
356284718
388143912
212504484
889189359
340118833
363400170
882431545
120999518
520486795
669749954
239231374
957955349
11530616
800696529
243205120
591716840
380456969
446485207
634770093
489243544
582999495
27212321
247155407
847662154
241017533
869714943
671400047
678520489
531160153
306473049
358300522
258107078
272200389
617801343
468608704
657234055
117769882
670621036
28702636
903862066
820439555
431443465
144242469
76064998
417757691
26485169
659382212
411471855
342166587
347521885
230335555
377826626
316501459
351805551
364696455
82952409
875832488
631727998
529600580
542569493
607058711
40190133
