600
213871376
384710656
569437009
986659814
326360524
45720362
939455977
699969426
842632648
578756442
317668767
501876852
436713928
504796928
368708842
136435991
940352731
650020189
931933367
234449254
215518823
723082112
148194189
777177076
863918581
239622079
70630649
158892523
217452882
540311674
589291893
312045144
957231612
715272705
730908380
731587578
862531059
916860424
183155944
252418493
944645801
628928679
59442210
239246707
956369365
124020544
87008971
566796855
473681888
365940258
180763127
694649459
966649879
431078944
363888587
855505363
437853120
189691308
505722465
79172914
68938869
290529469
382164699
117323812
510081615
591341202
263593235
349255215
725835679
53311546
34064107
871833186
97139450
897545930
632978804
777216200
686586495
646253945
149261839
152487492
611755024
466384144
411488056
93939380
148810090
161720995
760041257
295185712
400863391
386249713
664170171
502635143
784146346
168544037
962058281
55603533
895045729
174868283
219845888
