5783189
905801755
852176940
67746748
523142515
385408754
858472259
975834249
169056789
85168070
573902593
884901304
813757463
154319523
89281137
942172185
414157279
964225406
131619939
330552612
256868879
938146295
691282920
309016222
455980638
368776228
5922744
2497726
755749799
431792369
502820451
173880117
959850784
430864767
630752307
722806670
620239368
279543799
712123269
554387810
385926762
914180772
198530760
178601138
291493034
177025362
137912059
740964893
881844613
695324128
208244508
381932130
298713590
652711218
640998696
903132438
312048423
262585148
23062604
363383336
566378483
85771490
178001857
898531031
680769374
74281900
367462390
611408419
280739131
911564366
410282879
963205688
57860969
107723571
511545899
717247417
578510150
611669156
388695517
268283472
191886738
430441385
299333696
26315104
257395584
96427989
963692604
975358702
766002376
949102241
763692218
180770517
960665775
454309860
758305468
906213525
71272407
421793683
900778086
33589222
