641
677891464
168378051
147111947
257778392
783864485
863845076
812828270
945364638
268548908
927792998
470363877
703177076
638916169
283804641
518287563
622843066
559265736
207553551
146582958
405571607
22663188
442034645
634222383
307706121
740710527
142273139
278304649
905923553
135413972
926793836
506225252
103007402
856256040
843015093
111325016
77994298
949797903
603998486
566169941
944411718
434915772
949125234
102912104
427690958
125107132
157815962
804518396
65674246
743902069
68381657
786587690
493276915
777262318
745174760
963788439
323526535
169661784
426246585
12689282
890691441
28198306
41446091
469090257
779401468
574055793
639035238
798295009
943909685
869419637
670936851
349618149
778139926
232523589
891112590
227669698
826268427
807520648
937364487
751518961
395667040
193450993
97913458
856469878
970178732
633746459
81205531
537134724
445745165
967151282
667417018
328159462
83722365
763459441
642634872
468571017
664775414
495688909
301752319
855875181
