58
954687337
662071535
627335356
213985716
641546388
846421398
909803869
625676003
259007239
747370960
605579072
144235419
3123355
98365007
606201031
218937754
428826489
440445020
16975385
574468647
244617329
818510337
353676310
439211326
146918677
255185348
542040389
814122764
404950575
620077735
754481312
426458499
39783246
40808493
416235003
354663116
17790273
901516397
282443259
395026351
313676800
503994628
592342373
105891210
875726893
362425038
922246032
913028082
153195745
212255251
833215239
620330641
410184147
27292875
837249497
974243279
425959307
723165495
121202781
238981750
269182575
392515789
584830062
498540289
698581485
603165393
624556938
316193359
887308254
199946893
818894435
676134901
311971431
460943128
11563122
168930075
814620316
107581420
484356906
585265816
426846089
619922386
192638906
349523090
761032900
662549966
705554607
337663940
747008131
413859960
157966786
553805212
625320952
715758362
966637766
378076362
474177633
128091470
36231661