5299
198059639
108336211
3981236
834679877
126238817
331150712
543928476
722762240
642705007
532312108
963863268
827317169
172710982
440235838
293404966
836712888
320978843
774167115
54229402
402123242
803011338
390468720
708146014
521554089
926090320
894942070
849729854
216941608
566027461
137971274
452414398
388014801
882877139
846350520
65424828
132782068
801907235
342971449
971814653
326020705
218265457
825867456
852125465
781527389
995758984
391905983
552133039
595738626
198215218
892016330
592466506
352836343
636478239
687947398
165395373
293308807
243312437
441914489
953402346
191073941
670835132
669467761
792231615
525151213
793272341
930883262
492378280
976179230
454645574
560551248
959909064
454079222
171768136
325287740
990294864
169222937
220664910
615960171
167361728
571032332
278049719
96849094
636031965
848636126
978000529
248724191
157112984
595420867
286919759
444536218
789154020
834894865
279057471
580057139
773063148
811096011
717151754
930013254
526116865
