73748
218342384
969496132
527421526
228584975
917043745
828978554
990073611
751410170
496510369
860982091
448033935
770161601
283711917
683178960
541667935
804336261
776238052
38053768
866495281
992694424
34274671
612879908
960242803
807348391
981198215
408386583
574721322
744651026
358671134
744191095
296989995
600874384
454951564
168724290
576161884
406112880
764657078
685992734
591647323
594890871
951265335
684255970
364423898
550167033
692918523
854873342
898393963
745926818
337776581
699850835
868058083
953356124
332350644
697611681
625850352
72893626
730790780
932148815
430290029
138406717
985011891
920291588
588209556
499064111
756298762
966369339
839803116
6833708
176332968
489367215
607174027
48364737
421060663
548567844
94026300
729676933
293328057
288674191
757942319
889399678
950832536
48280481
191882376
846077555
152723771
349062480
684768880
937970472
469657631
350120923
77849264
91884012
101240029
194195556
369606575
19242369
809055766
569206998
899215500