104090135
369409637
961526735
735266629
729331356
903272436
689453458
706752875
655513829
562201344
719058883
933844475
122786821
862495476
602973412
238352596
487852015
509122089
356680930
278358879
476790172
23843919
888446922
899716362
878868948
717626834
805636097
383197491
296831764
199046776
583815171
335387311
953599122
786139137
915401114
910233996
360303841
510364657
578425679
484161406
601450083
708661729
434559616
773682082
581997460
610090218
634663885
720883886
464985072
904402251
534122858
509328223
266486046
475729319
284735905
596287044
726100625
898774987
173318581
505614553
336938037
554302983
105804318
698948893
11015529
959219891
958150019
921232197
633583560
570645127
475159165
243868793
574940686
308069805
540802349
390678984
554583882
52599136
874116166
664361244
530325013
67900496
38656073
340845074
916420693
62652779
757830859
380581340
315023663
4553287
534914797
121106063
242896499
308324536
453757241
270159026
419368301
962729725
138853921
280937770
