34
617702332
613301146
349972117
725673266
787227946
73069350
880768119
627887716
980472967
812341856
307813519
423963911
247108638
680157738
933140220
742244699
305868922
375167745
456052724
969370599
522333973
964217192
730490356
384450720
943424779
534702946
122014162
444369846
414900767
804527627
903940758
201224525
421650046
842902795
450554381
442821113
43919876
371690263
71038451
649401950
202800280
622080846
530151355
477138329
257584973
799202633
719912171
114068606
600316502
74616770
121112903
788663982
92957975
835865752
158818306
770995790
861091616
746710812
42118821
920613191
380884108
237454489
87079715
200450571
950979254
680054106
534925632
125720938
919645221
531309307
297961577
432464927
589983854
735424285
947401552
221410229
243772375
634567289
439280089
372647776
436866077
999659583
667806165
924682077
175392376
668922052
760135667
213657329
273640421
917451627
736067841
864379335
701903930
420977682
211910208
853659048
415233479
431188455
496365352
